921
193 81
170 87
32 312
30 1
335 196
129 146
262 338
245 52
804 904
211 130
595 213
143 176
464 506
274 136
215 99
662 314
54 512
862 597
66 448
137 117
133 84
584 689
295 236
451 9
836 169
403 200
171 128
285 590
502 232
766 178
43 609
41 540
6 88
150 147
324 577
152 206
76 363
318 139
223 790
273 143
233 167
187 85
591 634
434 241
63 523
204 92
130 875
717 108
129 74
213 171
89 41
124 311
158 420
204 267
117 749
74 649
383 556
43 22
164 316
603 64
4 81
59 85
195 279
340 218
163 294
105 140
414 19
433 483
256 148
6 499
52 892
367 343
8 121
456 583
383 657
205 296
504 263
725 856
214 188
250 337
66 466
361 896
105 297
493 403
704 266
98 760
807 439
678 537
155 134
201 582
604 57
308 718
611 541
782 313
278 219
842 139
594 112
171 299
351 394
3 69
98 132
242 733
310 624
399 59
915 491
221 450
30 47
787 785
801 778
745 522
33 545
447 562
871 180
24 35
197 117
257 388
567 728
231 429
51 135
4 127
852 587
507 408
254 178
137 364
867 583
178 82
323 86
355 310
585 340
525 478
297 632
171 268
778 728
833 819
410 218
116 293
16 568
58 65
63 177
67 105
108 67
137 700
345 154
837 520
624 860
366 841
606 66
7 10
379 294
653 530
36 518
91 12
261 231
2 20
471 753
17 495
810 721
617 196
1 3
334 44
87 300
413 806
125 21
544 408
213 372
211 262
175 413
909 622
60 143
832 345
162 509
625 167
417 276
246 255
296 641
101 563
369 899
90 42
572 522
626 595
610 839
236 354
389 206
27 20
822 269
2 39
779 44
620 306
137 142
744 808
276 38
126 607
468 332
211 553
229 395
825 319
40 422
282 163
101 163
517 37
285 80
288 643
165 304
7 242
757 289
203 346
654 547
671 211
400 637
18 17
809 797
860 888
212 407
490 191
538 527
691 614
386 365
225 97
564 699
17 141
469 838
131 342
15 86
175 415
143 527
666 374
740 68
226 4
714 550
231 670
585 898
49 33
128 428
147 149
847 628
75 36
47 513
103 84
723 124
370 21
11 421
42 291
879 129
845 202
314 94
362 131
60 51
250 153
67 83
143 238
881 482
13 4
131 249
598 431
13 16
743 86
505 647
100 138
74 26
772 682
19 8
829 135
390 529
102 122
220 89
720 816
273 578
426 205
873 272
167 69
638 594
19 793
317 496
116 358
156 137
51 106
24 126
212 33
224 14
175 61
534 261
10 515
437 136
536 279
485 458
201 1
550 764
271 166
94 241
41 101
616 811
283 145
59 31
231 621
270 222
765 275
289 796
421 857
458 356
730 656
5 160
366 128
265 241
188 890
296 747
332 217
265 481
253 349
264 324
453 433
289 152
111 227
514 702
665 384
819 339
8 576
297 679
777 458
779 784
98 53
8 1
492 820
6 9
479 40
208 3
38 18
739 417
131 762
559 126
424 202
327 148
285 584
498 900
906 729
433 462
183 1
64 48
331 266
140 179
15 235
615 920
124 50
610 106
494 8
676 703
372 742
68 8
733 804
20 78
55 690
78 303
319 43
223 222
286 724
447 222
29 11
619 795
139 246
460 341
233 669
69 290
71 487
623 390
77 16
228 204
402 710
110 14
329 711
880 462
303 391
34 17
287 919
4 6
564 423
767 632
460 817
42 218
25 264
354 472
355 640
209 464
28 6
15 5
433 270
78 452
722 735
409 268
300 705
597 321
100 83
781 321
773 712
381 312
467 194
104 56
37 96
794 266
677 149
4 26
408 173
41 62
115 93
267 325
21 102
11 7
440 310
180 156
261 371
289 752
59 721
452 785
155 205
40 497
9 55
301 861
908 125
319 546
76 550
217 478
17 383
92 688
844 412
276 284
48 162
76 69
914 779
668 417
652 427
707 897
100 586
511 280
231 56
22 73
405 77
344 656
720 462
574 672
529 543
119 326
629 236
30 216
193 344
894 592
709 182
136 343
521 812
108 166
459 269
305 16
263 374
189 498
81 613
639 585
645 407
788 187
230 138
90 258
77 322
103 152
89 99
22 593
336 102
207 72
219 58
357 101
51 792
229 799
164 580
74 79
88 164
178 275
203 385
814 874
798 373
573 300
883 551
3 488
56 20
194 814
402 436
101 259
2 147
216 552
865 794
116 602
406 355
288 149
184 135
751 652
274 716
157 746
353 333
260 81
46 29
571 467
486 80
112 687
706 29
354 612
558 823
530 539
738 556
404 480
589 584
891 837
439 554
209 380
886 189
37 12
90 911
497 866
19 257
43 251
222 21
177 240
477 155
178 329
95 79
483 533
210 131
25 3
117 66
3 872
3 112
290 419
351 596
530 210
191 150
11 470
148 359
321 616
15 50
80 68
770 178
170 376
68 116
516 363
635 365
651 87
916 489
660 495
588 774
187 854
366 524
266 249
333 112
480 508
260 301
186 60
92 40
429 758
174 21
730 783
851 629
333 454
33 5
731 593
749 905
519 557
435 379
356 146
98 903
142 469
96 123
696 641
827 214
159 33
761 725
537 636
57 66
449 377
106 763
556 858
263 246
310 725
252 658
463 440
475 66
40 659
164 522
94 199
73 253
198 107
859 237
786 762
316 382
182 176
727 159
139 41
220 615
630 324
307 287
337 648
452 510
309 902
772 831
552 917
555 424
13 846
430 347
549 722
287 574
713 637
21 882
18 67
818 732
776 849
240 650
518 569
114 102
213 317
51 1
745 756
192 348
744 604
768 311
172 726
378 233
230 901
169 55
65 292
492 319
42 28
830 418
15 41
48 369
57 20
4 93
421 754
567 478
130 113
528 458
97 88
395 646
138 309
444 190
28 40
158 535
387 226
183 229
647 748
780 42
712 824
431 265
375 5
912 384
521 225
120 306
94 185
408 476
576 631
37 350
54 30
40 321
158 99
24 209
153 693
161 156
907 354
354 863
249 676
234 172
166 398
202 79
682 166
203 169
530 802
24 520
44 775
279 675
113 619
384 642
566 198
665 741
884 155
237 192
54 423
614 58
17 13
295 821
64 418
570 550
885 512
855 644
315 301
601 259
495 776
706 805
94 33
12 461
692 734
392 302
591 87
457 537
482 157
105 144
719 299
33 131
694 559
222 759
277 116
8 23
84 396
84 34
218 384
162 526
88 151
14 247
217 140
4 136
848 196
368 194
198 347
712 601
575 553
523 600
377 432
715 544
686 840
308 361
61 56
27 878
13 373
50 828
551 474
560 529
11 12
663 458
63 53
587 405
113 42
542 876
141 313
10 695
592 358
17 850
328 124
456 132
260 320
218 243
118 12
114 441
667 813
552 826
57 708
269 56
465 426
156 165
189 47
674 148
864 760
480 565
134 65
6 7
351 178
179 221
446 455
251 252
427 113
120 116
608 576
579 80
588 404
137 194
404 199
489 336
173 51
232 547
195 173
157 84
750 640
537 558
474 419
419 500
755 313
587 791
686 616
439 327
531 895
365 310
681 172
401 348
181 146
868 262
673 617
416 680
523 549
28 192
835 469
121 154
22 19
432 889
698 49
244 195
190 100
109 627
16 148
400 218
14 4
54 542
61 457
519 302
455 561
93 887
503 124
223 664
501 55
853 328
1 2
697 421
692 652
491 446
910 738
701 514
48 31
24 31
308 279
696 707
341 306
388 683
870 458
40 87
684 432
111 3
182 581
18 58
33 145
1 4
330 200
393 336
438 877
26 45
246 471
769 589
135 815
340 541
38 119
594 655
605 63
45 737
243 286
843 664
302 287
152 168
172 114
590 789
112 514
1 5
599 533
271 272
548 202
392 803
439 644
178 196
532 187
3 109
425 188
661 572
918 584
140 416
239 102
200 175
236 60
11 21
33 736
442 235
438 23
505 200
480 893
869 347
32 411
24 21
412 164
298 187
280 48
71 61
107 33
248 23
484 304
35 44
126 445
446 238
397 208
